36.927343 
-90.005525 
153.149493 
-373.367196 
0.869933 
623.729365 
-606.641602 
1560.721180 
-1401.344765 
-1064.634660 
682.820743 
554.877324 
-156.055133 
1834.051578 
-1555.736019 
-1055.583233 
98.220801 
210.040310 
1336.216513 
-821.598257 
580.787906 
-129.813642 
-914.544320 
530.951369 
-1122.755132 
831.826082 
1955.534772 
-1449.290595 
-2014.993449 
3480.149737 
-2029.020462 
-1808.111061 
3799.565268 
-910.480753 
-1464.544562 
108.748262 
1098.831779 
-515.083190 
-42.604239 
48.483077 
