-143.109590 
327.268737 
-677.199790 
587.742136 
0.040667 
270.342398 
20.224419 
-921.078718 
634.283977 
-898.163714 
753.015862 
821.670778 
-346.355173 
-500.524335 
275.221048 
-920.156239 
-462.938544 
1045.568772 
2785.307839 
-2880.853209 
-184.654184 
-1232.858593 
2851.661299 
-2650.847069 
2971.123562 
-966.956550 
-1625.914380 
2036.542393 
-746.923630 
-3284.681726 
3649.993474 
3422.488221 
-5496.569727 
-566.874618 
2445.797460 
298.381525 
78.579185 
-1863.510823 
1417.127627 
-321.859594 
