31.708136 
-510.826094 
1673.925857 
-980.969712 
0.673538 
-605.213941 
-1250.712257 
34.604507 
2946.859285 
1574.707265 
-1913.863544 
-1967.302772 
-1544.768574 
1198.763500 
2665.905749 
-1671.942903 
1944.056416 
-3.053218 
-2437.851282 
-28.720281 
-185.251596 
-1471.274744 
4576.298097 
-89.323723 
-190.099155 
-3937.615656 
1063.807718 
-290.838318 
2605.845174 
-544.861859 
-324.143582 
511.771093 
-1848.030191 
-1279.880408 
3844.527451 
-220.229440 
-2718.652496 
1490.420100 
-71.076893 
-77.011095 
