402.369158 
302.581888 
-256.944738 
-1677.448129 
1.789595 
1691.592113 
-136.236962 
2495.057594 
-3731.378741 
-1371.129966 
1125.504916 
3663.066110 
-3450.151849 
1899.297604 
57.987575 
-1146.318027 
-3169.411662 
2774.017013 
4728.272002 
-5226.950575 
581.046449 
24.454325 
797.216701 
-1225.002888 
1423.629979 
-1188.688753 
1092.438786 
2204.256889 
-5279.648711 
888.288969 
2007.283564 
3493.087846 
-5853.760467 
1713.604327 
-90.320869 
343.009960 
1822.061398 
-3167.317174 
1796.222244 
-357.057153 
