465.717616 
-5365.013651 
9640.139479 
-1881.961343 
4.372527 
-11363.913137 
0.000000 
17972.362229 
-603.438475 
-12453.460977 
-397.948771 
0.000000 
5744.754397 
0.000000 
0.000000 
0.000000 
-6330.543909 
5859.764557 
-1208.102165 
-212.760957 
642.081118 
-1439.185841 
1804.782505 
0.000000 
-1267.764061 
-5361.890419 
14280.625787 
-7351.759976 
-8680.997649 
2839.913994 
17386.091158 
-13880.281642 
-5674.629466 
8511.667053 
-828.964488 
370.741911 
-2026.373945 
401.430463 
662.780091 
-257.953275 
