-209.275888 
-552.387592 
-149.170925 
1902.583992 
1.881908 
-56.453151 
-2425.190302 
448.095324 
2057.472908 
-1079.754000 
927.875585 
-2065.669095 
-723.305685 
5762.484833 
-3568.351607 
-2720.288250 
3028.318288 
-1580.300700 
1840.642986 
-675.716360 
719.018381 
-929.008375 
-1325.104051 
2147.774970 
-2379.444902 
3870.605343 
-1844.182362 
-2420.959327 
393.996769 
5580.279085 
-1780.636537 
-10994.283738 
14161.598900 
-4167.221162 
-2657.181209 
350.942576 
2569.366325 
-2013.934528 
634.436824 
-79.289032 
